7 650.427 51.0144 4 571.158 51.02 
8 59.6753 52.5132 5 34.6532 52.7673 
13 655.114 62.9175 6 575.303 62.7253 
15 665.912 72.8707 7 585.801 73.2237 
16 632.774 73.6943 9 553.138 73.888 
17 671.972 74.1032 10 591.732 73.9565 
21 36.1606 78.0221 11 9.84203 78.1848 
22 711.088 78.0666 12 631.747 78.0538 
24 689.296 79.3273 263 609.723 80.2066 
28 985.851 84.4526 16 967.654 84.5956 
30 672.342 86.3256 270 591.671 86.9898 
31 996.521 88.97 17 978.127 88.9514 
33 996.521 88.97 18 978.127 88.9514 
36 637.706 90.6443 19 557.396 90.6869 
39 790.702 100.108 22 772.584 100.189 
40 95.2809 102.043 278 69.2541 102.086 
43 785.287 103.814 25 767.085 103.867 
44 878.872 103.686 23 860.755 103.569 
45 878.872 103.686 24 860.755 103.569 
46 281.581 105.641 27 263.701 105.617 
47 724.411 105.828 28 644.67 105.856 
54 708.077 113.101 32 627.151 113.173 
56 749.163 118.172 36 669.796 118.9 
63 627.907 133.554 39 546.246 133.869 
74 925.138 143.033 41 906.965 143.026 
78 301.295 149.178 45 283.202 149.117 
79 301.295 149.178 46 283.202 149.117 
85 312.414 158.958 52 294.562 158.929 
86 959.084 158.577 53 940.686 158.553 
87 807.69 159.835 54 743.053 159.894 
88 807.69 159.835 55 743.053 159.894 
95 895.744 172.46 60 830.396 172.46 
96 59.887 174.898 293 32.8471 174.211 
97 876.555 175.139 61 809.574 175.015 
98 876.555 175.139 62 809.574 175.015 
99 905.036 175.686 63 838.014 175.442 
102 887.999 177.921 67 821.007 177.865 
104 911.271 180.953 69 843.863 180.935 
105 818.575 189.032 70 752.927 188.837 
107 856.5 190.678 71 789.921 190.772 
113 282.149 203.613 72 264.115 203.632 
119 311.186 210.982 79 293.211 211.026 
120 92.94 212.334 80 66.9684 211.706 
123 957.418 217.093 81 889.489 216.862 
124 957.418 217.093 82 889.489 216.862 
126 312.774 217.71 83 294.728 218.153 
127 306.233 227.705 88 288.123 227.613 
130 971.913 232.931 90 904.843 232.93 
138 939.079 241.021 92 870.956 241.102 
142 77.2073 254.79 97 11.8683 254.847 
143 940.933 254.586 95 872.928 254.371 
144 979.535 254.785 96 913.004 254.397 
149 297.228 273.1 101 279.178 273.178 
153 974.854 281.117 104 908.902 280.917 
155 266.639 290.746 106 248.647 290.907 
156 94.7585 298.762 108 29.1385 298.662 
158 559.252 304.809 110 476.443 304.585 
163 273.972 311.352 115 255.703 311.431 
171 399.823 324.767 119 381.777 324.795 
175 557.217 330.08 122 474.321 329.648 
180 561.736 348.492 344 479.116 348.156 
196 201.718 368.061 132 135.741 367.999 
197 263.804 380.952 136 199.278 380.772 
201 41.0686 384.812 665 451.116 631.798 
203 163.774 387.076 138 96.5766 387.114 
208 139.421 400.382 145 72.0333 400.248 
209 285.695 401.823 148 219.968 402.166 
211 600.17 407.145 364 517.312 407.922 
212 438.738 413.589 151 383.946 413.677 
214 151.861 414.96 152 82.5981 414.338 
215 91.181 417.412 156 24.2727 418.066 
216 169.147 416.898 155 102.481 417.036 
220 78.9208 424.151 162 11.0393 424.204 
225 597.828 424.573 163 513.79 424.342 
229 441.143 432.231 165 383.883 432.422 
230 581.317 434.257 166 496.88 434.725 
231 188.778 438.975 167 118.686 438.883 
232 176.078 440.248 168 106.121 440.179 
239 236.195 454.249 173 170.318 454.075 
240 272.675 454.165 174 206.596 454.219 
241 272.675 454.165 175 206.596 454.219 
245 87.6257 463.917 178 18.5162 463.984 
248 1038.17 472.66 180 990.935 472.671 
249 251.401 476.544 181 184.44 476.555 
250 1000.32 477.121 183 952.731 477.23 
251 994.937 479.806 184 947.523 479.908 
252 1052.48 485.153 185 1007.2 485.089 
253 917.64 485.974 186 869.863 486.007 
257 284.834 499.232 189 218.309 499.364 
260 177.095 511.224 191 108.162 511.217 
261 868.58 512.119 192 821.201 512.541 
262 906.119 518.743 198 858.212 518.717 
264 901.467 522.223 199 853.803 522.291 
265 975.823 525.392 200 928.807 525.424 
266 468.965 546.405 205 408.377 546.206 
267 1004.93 549.417 207 960.231 549.554 
268 445.041 553.857 209 381.821 554.302 
269 957.932 553.711 208 910.536 553.445 
271 816.928 558.179 211 768.688 558.23 
272 426.047 559.15 210 359.72 558.564 
274 917.993 561.069 399 869.621 561.376 
275 806.415 577.303 216 758.324 577.432 
277 478.967 587.661 404 418.281 588.201 
279 479.791 594.379 542 421.509 598.493 
281 484.806 598.269 542 421.509 598.493 
283 831.918 601.726 219 778.167 601.751 
284 831.918 601.726 220 778.167 601.751 
287 862.549 606.934 223 807.656 607.092 
292 81.9241 627.112 228 12.7615 627.458 
298 118.149 656.242 235 48.3379 655.943 
302 84.1136 669.115 237 11.802 668.976 
303 683.982 20.8328 243 608.202 21.7321 
304 610.95 32.514 244 531.925 32.3281 
305 610.95 32.514 245 531.925 32.3281 
306 704.257 33.481 246 627.669 33.6231 
307 653.922 43.9452 247 574.731 43.6763 
308 690.829 46.0229 248 611.962 45.9233 
309 474.986 47.5897 249 456.688 47.5508 
310 696.874 52.1211 250 618.006 52.0252 
311 614.467 58.9125 253 534.688 58.9704 
313 66.2634 66.22 254 40.6814 66.1371 
316 974.652 69.1638 255 956.31 69.2752 
317 689.956 72.1809 256 610.434 72.3831 
318 622.5 80.4154 259 542.282 80.455 
319 268.216 81.2758 261 250.358 81.226 
320 268.216 81.2758 262 250.358 81.226 
321 607.639 82.2996 264 527.154 82.5321 
322 678.89 83.4981 267 598.258 83.3655 
323 678.89 83.4981 268 598.258 83.3655 
324 993.096 83.2467 13 974.722 83.2214 
325 993.096 83.2467 14 974.722 83.2214 
328 708.906 93.9078 271 628.531 93.9325 
332 969.44 94.7441 272 951.291 94.821 
334 994.634 96.1534 274 976.258 96.1185 
335 725.691 97.8804 275 646.561 97.6797 
340 702.9 102.994 279 622.179 102.936 
343 782.927 110.998 280 765.223 110.816 
344 684.888 114.121 281 603.739 114.105 
346 414.289 118.895 446 396.303 119.247 
347 414.289 118.895 447 396.303 119.247 
355 907.496 141.613 284 889.115 141.616 
357 988.071 146.535 286 969.868 146.509 
358 249.521 158.787 288 231.784 158.731 
365 876.473 175.042 61 809.574 175.015 
366 876.473 175.042 62 809.574 175.015 
367 888.295 179.031 67 821.007 177.865 
368 216.5 182.555 297 198.533 183.062 
369 216.5 182.555 298 198.533 183.062 
370 874.141 186.819 300 806.823 186.884 
371 908.352 187.034 301 840.678 187.086 
373 305.224 193.603 302 287.409 193.515 
376 911.148 198.965 306 843.298 199.024 
377 911.148 198.965 307 843.298 199.024 
378 45.2008 203.692 308 17.8347 204.078 
379 988.105 207.639 309 969.654 207.635 
380 891.918 208.543 310 823.905 208.652 
383 960.017 211.058 313 893.194 211.241 
384 960.017 211.058 314 893.194 211.241 
386 301.57 216.25 315 283.723 216.257 
390 907.152 233.868 322 838.369 233.57 
396 943.155 236.242 324 875.027 236.287 
404 917.792 266.054 326 849.114 265.913 
410 934.348 294.907 332 865.615 294.907 
413 285.683 300.946 335 267.631 300.893 
417 565.097 314.024 337 482.907 314.063 
418 964.198 319.225 338 896.736 318.907 
419 964.198 319.225 339 896.736 318.907 
420 964.198 319.225 340 896.736 318.907 
425 180.455 351.159 345 113.977 351.027 
429 560.095 365.39 486 477.714 365.404 
434 257.335 380.723 352 192.809 380.603 
436 291.106 387.079 355 225.892 386.862 
437 570.589 390.254 356 487.149 390.319 
438 926.415 390.501 357 858.945 390.77 
439 177.174 391.223 142 110.592 391.386 
440 177.174 391.223 143 110.592 391.386 
444 593.516 404.455 361 510.086 404.627 
445 180.061 405.36 362 113.422 405.626 
451 386.782 419.501 367 320.996 419.77 
452 935.31 422.64 504 868.94 422.107 
456 169.911 431.756 507 100.55 431.871 
458 87.6316 437.238 373 19.9258 437.337 
459 87.6316 437.238 374 19.9258 437.337 
460 206.578 441.874 375 137.051 441.813 
461 579.942 441.907 376 495.955 441.704 
468 234.985 464.703 381 167.943 464.767 
474 304.842 489.855 385 239.053 489.77 
475 923.203 490.767 386 875.491 490.751 
477 976.951 495.69 388 929.951 495.705 
478 976.951 495.69 389 929.951 495.705 
480 1017.65 502.073 391 971.004 501.977 
481 1034.62 508.577 392 989.594 508.643 
483 936.162 513.985 393 888.758 514.391 
484 946.61 516.625 525 898.945 516.272 
490 412.193 539.791 395 348.121 539.767 
491 974.143 541.028 396 926.986 540.939 
492 949.251 541.677 532 900.899 543.494 
496 853.197 576.88 401 804.033 576.864 
499 894.201 579.959 402 843.826 580.154 
500 894.201 579.959 403 843.826 580.154 
504 950.603 589.703 541 899.816 589.708 
505 914.77 596.879 406 861.076 596.901 
506 879.346 601.02 407 825.971 601.097 
507 952.109 602.104 221 897.325 602.502 
508 833.077 608.187 410 777.115 608.295 
517 1140.18 655.402 423 1046.45 655.449 
518 1140.18 655.402 424 1046.45 655.449 
520 215.438 657.11 425 146.103 656.99 
525 683.982 20.8328 243 608.202 21.7321 
528 699.374 38.0624 430 621.592 37.7546 
529 619.978 51.2357 433 540.827 51.2812 
530 714.066 61.8449 570 635.598 61.8879 
532 978.912 76.5205 436 960.665 76.5071 
533 966.607 79.039 437 948.142 79.2348 
534 81.5354 79.5161 438 56.0689 79.6265 
536 681.856 90.3751 575 601.361 91.4686 
540 632.663 95.9341 439 552.68 96.4376 
542 976.303 100.392 440 958.063 100.278 
543 976.303 100.392 441 958.063 100.278 
545 977.96 109.644 442 959.588 109.562 
546 977.96 109.644 443 959.588 109.562 
548 724.882 116.139 444 644.383 116.044 
549 92.0309 116.519 445 65.9256 116.836 
551 992.438 130.407 450 974.11 130.337 
553 713.599 136.957 581 632.084 138.51 
562 979.952 201.867 460 961.402 202.276 
568 712.458 223.965 465 630.912 223.931 
573 915.786 243.902 470 847.293 243.823 
574 915.786 243.902 471 847.293 243.823 
577 947.778 272.842 473 880.307 273.759 
585 937.945 318.524 479 869.8 319.008 
586 405.594 329.671 481 387.542 329.676 
587 405.594 329.671 482 387.542 329.676 
589 304.16 337.047 483 286.31 336.974 
594 920.655 372.669 489 852.978 372.79 
595 920.655 372.669 490 852.978 372.79 
597 549.199 378.207 491 466.326 378.112 
599 298.866 384.586 493 234.224 384.574 
606 636.163 401.899 496 555.781 402.438 
607 545.396 403.112 497 462.377 403.553 
608 545.396 403.112 498 462.377 403.553 
612 98.0678 418.878 502 30.9104 418.761 
613 98.0678 418.878 503 30.9104 418.761 
615 929.072 427.619 506 862.052 427.198 
621 270.803 469.706 514 204.534 469.518 
623 226.804 478.239 516 158.617 477.866 
626 986.31 499.602 522 938.979 499.502 
627 944.371 525.364 530 896.596 525.355 
632 474.924 575.637 649 414.321 575.367 
635 865.251 581.335 536 815.733 581.357 
636 930.985 583.536 537 881.734 583.74 
649 516.151 632.824 665 451.116 631.798 
650 516.151 632.824 666 451.116 631.798 
653 798.745 635.366 551 734.859 635.527 
654 1161.05 637.289 552 1067.73 637.617 
656 799.784 643.508 555 734.313 643.533 
657 1168.12 646.035 556 1074.18 645.927 
659 486.084 648.042 557 418.465 647.959 
660 1146.12 647.253 558 1052.48 647.314 
661 824.279 649.259 559 757.699 649.068 
662 803.784 651.729 562 736.581 651.959 
663 1172.21 654.472 564 1078.17 654.463 
666 573.306 24.0424 567 495.289 23.7036 
668 645.97 25.1426 568 567.711 25.2019 
670 593.952 52.8323 569 514.318 52.6263 
672 979.578 86.1647 573 961.292 86.0767 
673 744.139 101.073 684 666.609 99.9033 
674 736.674 118.614 577 657.5 119.442 
677 907.525 132.62 579 889.237 132.682 
678 907.525 132.62 580 889.237 132.682 
680 713.535 137.814 581 632.084 138.51 
681 976.492 146.745 582 958.303 146.68 
682 831.655 171.903 585 766.109 171.93 
685 310.519 184.137 588 292.594 184.152 
687 860.37 188.098 590 793.348 188.23 
691 123.603 216.006 594 105.527 216.026 
692 908.655 221.108 596 840.498 221.33 
694 923.823 227.678 597 855.159 227.587 
695 950.286 245.587 599 882.282 247.329 
696 253.596 259.596 600 235.649 259.545 
698 245.044 268.318 601 226.842 268.133 
702 365.861 336.169 608 347.616 336.13 
706 932.227 375.177 614 865.034 375.199 
710 245.706 385.41 615 180.269 385.721 
711 561.761 391.077 713 478.413 391.315 
714 386.166 397.277 617 321.352 397.238 
717 198.689 427.229 624 130.824 427.427 
718 187.425 429.158 623 118.548 427.083 
719 577.45 433.383 717 492.863 433.81 
721 299.654 451.968 628 234.392 452.217 
722 299.654 451.968 629 234.392 452.217 
726 917.186 473.51 633 869.547 473.457 
729 1041.76 490.609 634 995.934 490.78 
730 1041.76 490.609 635 995.934 490.78 
732 437.984 492.748 636 374.65 492.479 
733 689.891 496.469 638 608.814 496.378 
734 969.323 504.595 639 921.992 504.809 
735 984.51 510.738 641 937.081 510.69 
736 984.51 510.738 642 937.081 510.69 
737 830.641 527.176 643 783.519 527.177 
738 439.452 545.049 645 376.292 544.951 
739 974.846 555.375 646 928.62 555.511 
741 1001.78 567.757 647 956.394 567.726 
743 874.484 572.633 648 825.091 572.674 
744 475.235 575.268 649 414.321 575.367 
750 946.374 606.112 656 890.941 606.471 
751 876.317 610.453 660 820.272 610.297 
752 893.859 609.166 659 837.739 608.55 
758 840.14 629.843 664 778.531 629.933 
760 133.349 655.806 672 63.2082 655.832 
765 608.564 26.0677 675 530.195 26.2226 
766 586.88 29.9062 677 508.11 29.5503 
767 624.244 33.7967 678 545.872 33.9877 
768 704.659 71.2084 683 625.606 71.372 
771 41.4218 103.328 686 14.3976 103.414 
772 41.4218 103.328 687 14.3976 103.414 
773 627.106 119.217 736 546.048 119.12 
774 627.106 119.217 737 546.048 119.12 
775 59.4657 128.553 689 32.2166 129.464 
777 59.4657 128.553 690 32.2166 129.464 
780 252.457 175.784 694 234.717 175.802 
781 96.1876 185.846 738 71.5796 187.632 
783 815.941 186.46 695 750.321 186.29 
784 896.831 188.884 696 829.145 188.93 
785 280.133 194.511 699 262.209 194.518 
786 873.751 202.76 700 805.927 202.417 
787 889.06 202.757 701 820.782 201.895 
789 915.993 209.134 702 847.909 208.958 
793 960.845 253.591 704 894.024 253.535 
794 266.103 256.127 705 248.164 255.998 
795 959.973 270.689 707 892.775 269.718 
796 291.534 291.18 708 273.727 290.999 
807 596.195 394.562 714 512.968 394.178 
808 167.997 405.508 749 100.764 405.147 
815 245.851 469.787 720 178.948 469.87 
819 429.183 504.278 721 365.051 503.674 
820 429.183 504.278 722 365.051 503.674 
824 463.016 575.585 767 400.881 576.633 
826 840.179 596.635 726 787.351 595.965 
827 823.524 598.092 727 770.8 597.544 
828 823.524 598.092 728 770.8 597.544 
837 54.5511 48.4389 680 29.268 48.0821 
838 88.6804 102.252 278 69.2541 102.086 
853 299.479 265.472 741 281.482 265.512 
855 551.886 356.341 743 469.137 355.77 
857 176.07 369.783 746 109.758 370.041 
860 270.478 383.843 712 205.705 384.229 
861 396.414 387.019 782 335.546 388.145 
863 431.931 434.707 752 373.607 435.355 
866 91.8627 447.433 755 23.2781 445.638 
870 963.887 489.244 757 916.262 488.837 
873 989.312 510.654 759 941.565 510.885 
875 926.134 525.61 762 878.138 525.494 
876 918.33 541.727 763 869.854 541.489 
878 959.795 561.481 764 912.963 561.528 
886 639.87 77.5325 772 559.887 77.8781 
895 98.8696 182.854 738 71.5796 187.632 
901 572.599 371.755 815 490.613 371.063 
904 295.812 405.534 783 230.304 405.246 
905 295.812 405.534 784 230.304 405.246 
906 148.604 413.377 785 80.8435 413.656 
907 148.604 413.377 786 80.8435 413.656 
909 289.482 428.901 787 223.981 428.951 
912 982.738 470.878 789 935.47 471.092 
913 1004.99 487.58 790 957.691 487.636 
917 916.718 504.94 791 869.177 505.052 
919 981.875 543.838 793 935.731 543.44 
920 469.045 555.607 794 407.766 555.966 
927 737.629 80.243 800 659.762 79.4191 
928 625.218 104.726 801 544.405 105.876 
938 799.734 456.77 839 722.086 453.829 
939 410.369 467.897 818 345.38 466.867 
940 889.427 512.792 819 841.4 512.483 
941 450.846 530.154 820 390.579 529.048 
943 861.41 533.933 821 813.565 533.942 
944 958.705 533.65 822 911.741 533.71 
947 121.812 644.927 825 52.2572 645.001 
953 298.403 194.853 829 280.348 195.043 
964 584.718 413.385 834 501.011 413.436 
965 584.718 413.385 835 501.011 413.436 
981 223.913 263.003 837 206.006 262.806 
993 168.902 270.797 846 150.053 300.835 
994 379.531 480.58 847 315.02 480.904 
1000 165.524 189.251 855 141.802 197.216 
1002 335.885 452.421 851 266.574 445.811 
