2 672.658 13.9976 2 598.295 13.9106 
4 471.81 36.2877 4 454.081 36.1791 
6 471.81 36.2877 5 454.081 36.1791 
8 606.29 47.9286 256 530.152 50.2272 
11 72.9641 52.5806 10 47.9634 53.6697 
15 649.108 61.0804 11 572.102 61.0501 
22 653.162 72.2606 13 576.167 72.7833 
26 64.1722 73.9688 14 38.5584 73.571 
27 665.226 76.0201 16 587.907 76.0974 
28 665.226 76.0201 17 587.907 76.0974 
31 50.2062 78.2181 18 23.2751 78.0124 
39 669.672 83.4281 19 592.02 83.4442 
44 757.649 90.1379 24 739.342 90.2632 
45 35.1585 90.742 272 7.93805 90.8974 
47 790.968 99.9832 29 772.561 100.205 
48 108.625 102.019 282 82.9445 101.876 
50 785.433 103.968 30 767.121 103.837 
53 281.539 105.65 31 263.619 105.666 
54 729.202 109.889 286 652.828 109.858 
56 663.936 121.713 35 584.995 121.486 
67 709.443 131.661 41 630.939 131.842 
73 697.772 135.463 45 618.69 135.564 
82 626.877 142.623 51 547.958 142.509 
83 626.877 142.623 52 547.958 142.509 
84 925.46 143.01 53 906.735 143.008 
88 300.812 149.123 56 282.99 149.098 
89 300.812 149.123 57 282.99 149.098 
91 880.992 150.419 58 816.591 150.452 
93 874.643 151.495 59 809.116 151.273 
96 975.575 154.703 64 957.217 154.908 
99 312.416 158.844 66 294.494 158.935 
100 959.052 158.618 65 940.727 158.502 
103 807.924 163.961 67 743.035 163.872 
105 734.587 166.475 68 654.9 165.123 
106 890.052 165.556 70 824.873 165.036 
108 863.362 170.219 73 797.291 170.244 
113 895.993 176.865 76 830.261 176.085 
117 876.583 179.287 307 809.455 179.071 
118 904.932 179.889 77 838.017 179.655 
119 887.812 181.764 80 820.73 181.658 
122 744.06 184.552 83 665.401 184.441 
123 911.378 185.096 86 843.917 185.147 
124 818.445 193.012 88 752.713 192.946 
126 282.178 203.725 93 264.111 203.761 
127 771.044 205.38 329 693.344 205.652 
133 995.757 209.433 96 977.533 209.514 
136 312.721 217.946 101 294.873 217.663 
137 312.721 217.946 101 294.873 217.663 
140 306.237 227.687 106 288.209 227.66 
144 971.948 237.189 109 904.866 237.01 
154 939.071 245.381 113 871.11 245.321 
155 975.749 248.185 114 909.146 248.544 
157 109.104 254.944 117 83.1177 253.698 
159 941.054 258.636 120 872.902 258.642 
162 944.226 265.008 122 876.018 265.383 
171 290.366 305.938 130 272.035 306.095 
172 993.989 306.357 131 951.105 306.013 
173 600.026 309.976 132 521.947 309.944 
174 273.409 311.53 134 255.793 311.369 
177 406.455 327.022 137 388.244 327.256 
181 999.552 336.082 141 954.766 336.042 
202 628.85 366.788 150 550.988 366.773 
205 230.787 378.91 157 165.28 379.095 
206 263.812 380.925 158 199.373 380.799 
212 163.578 387.154 159 96.4966 387.064 
214 99.7673 390.17 162 33.0632 389.611 
220 139.433 400.315 164 72.0269 400.232 
225 151.94 415.09 174 82.8585 414.645 
226 151.94 415.09 175 82.8585 414.645 
227 169.196 417.166 176 102.431 417.343 
231 78.7462 424.13 179 11.0654 424.236 
237 188.582 438.971 182 118.611 438.888 
250 1038.19 472.631 189 991.241 472.619 
251 988.654 476.6 190 941.117 476.833 
253 995.054 479.976 192 947.422 479.858 
254 1052.32 485.331 195 1007.14 485.218 
255 917.695 485.921 196 869.972 486.11 
257 421.844 497.596 201 357.79 497.33 
258 284.992 499.185 202 218.363 499.318 
263 868.728 512.201 203 821.065 512.034 
264 925.944 522.072 207 878.197 522.196 
265 901.668 522.48 206 853.872 522.012 
266 976.133 525.382 208 928.994 525.382 
270 249.62 541.483 211 181.659 541.619 
276 1004.73 549.323 213 960.178 549.303 
279 957.907 553.767 215 910.859 553.337 
280 816.944 558.276 216 768.719 558.306 
281 969.548 569.579 220 923.897 569.407 
282 806.394 577.393 224 758.659 577.49 
283 474.024 586.083 423 412.023 586.908 
284 474.024 586.083 424 412.023 586.908 
289 832.062 601.679 229 778.227 601.679 
290 832.062 601.679 230 778.227 601.679 
291 986.122 603.903 232 931.64 603.785 
292 862.104 606.929 233 807.755 606.909 
296 82.1685 627.135 437 13.0941 627.057 
297 862.542 628.201 239 801.539 628.17 
304 82.9429 649.358 244 13.4237 649.015 
313 681.999 31.9024 451 606.708 31.2418 
314 610.361 42.7671 252 533.824 42.7078 
316 474.627 47.5417 255 456.8 47.663 
317 606.881 49.7209 256 530.152 50.2272 
318 652.186 53.9671 257 575.548 54.0121 
319 693.742 61.6566 258 617.175 61.5375 
321 613.983 68.5949 259 536.754 68.7801 
322 974.656 69.1583 260 956.277 69.1966 
327 268.155 81.1872 264 250.358 81.2613 
328 268.155 81.1872 265 250.358 81.2613 
332 658.266 83.969 268 580.3 83.8162 
336 613.532 88.7914 269 535.149 88.6605 
337 621.759 89.7293 270 544.041 89.6501 
338 607.624 91.4973 273 529.334 91.5457 
340 676.407 92.456 274 598.364 92.448 
341 676.407 92.456 275 598.364 92.448 
342 628.824 93.2954 276 551.19 93.4185 
345 670.396 96.4542 278 592.116 96.0911 
346 994.613 96.2001 279 976.204 96.1513 
349 608.015 102.419 283 529.617 102.309 
351 705.548 102.617 284 627.769 102.916 
354 722.082 106.772 285 645.112 106.349 
359 111.127 128.952 467 86.4092 132.059 
364 907.434 141.609 49 889.166 141.629 
366 988.009 146.52 294 969.355 146.51 
370 738.224 151.696 295 659.992 151.258 
371 732.297 155.678 297 653.604 155.27 
372 249.573 158.838 299 231.86 158.778 
373 873.715 159.027 473 808.345 158.83 
375 47.1946 167.574 301 19.5204 167.559 
376 47.1946 167.574 302 19.5204 167.559 
382 876.498 179.195 307 809.455 179.071 
383 876.498 179.195 309 809.455 179.071 
385 216.528 182.745 81 198.61 182.922 
386 216.528 182.745 82 198.61 182.922 
387 661.648 182.456 311 583.389 182.864 
388 847.962 185.107 85 781.341 185.028 
389 760.134 185.846 312 682.393 185.844 
391 874.176 190.964 316 806.767 190.952 
392 908.455 191.144 317 840.745 191.224 
395 750.212 199.755 318 671.444 199.601 
396 750.212 199.755 319 671.444 199.601 
397 853.596 200.07 323 787.23 200.734 
400 911.283 203.301 325 843.278 203.383 
401 911.283 203.301 326 843.278 203.383 
402 988.052 207.603 331 969.646 207.637 
407 892.077 212.973 332 823.901 212.942 
408 960.276 215.369 334 893.252 215.357 
409 960.276 215.369 335 893.252 215.357 
410 301.611 216.156 336 283.656 216.248 
411 291.391 223.154 337 273.785 223.351 
412 709.087 229.354 491 630.115 229.334 
428 918.064 269.744 346 849.084 270.834 
435 940.056 292.879 352 871.36 292.825 
439 934.164 299.148 354 865.624 299.155 
441 285.551 301.015 356 267.658 300.958 
442 100.575 302.835 357 35.3707 303.076 
445 818.637 309.727 700 531.558 123.71 
449 964.122 323.434 362 896.581 323.257 
450 964.122 323.434 364 896.581 323.257 
454 180.378 351.134 367 113.883 350.863 
470 377.21 385.633 375 312.217 385.416 
471 290.979 386.939 376 226.209 387.391 
473 564.106 388.839 377 484.199 388.947 
474 571.374 389.302 378 490.973 389.485 
476 926.454 395.169 379 858.878 394.72 
477 933.732 397.033 517 866.637 397.157 
478 388.667 396.787 380 324.116 396.836 
480 285.654 401.764 166 220.025 401.754 
481 180.022 405.771 383 113.376 406.175 
482 180.022 405.771 384 113.376 406.175 
483 91.1001 416.093 178 24.0396 417.659 
485 935.343 427.153 524 868.944 426.796 
489 87.6595 437.206 392 19.7328 437.23 
490 87.6595 437.206 393 19.7328 437.23 
493 206.65 441.905 394 137.121 441.778 
496 236.291 454.479 397 170.068 454.268 
501 957.269 470.869 398 909.332 471.082 
505 238.847 486.283 400 170.59 485.927 
506 909.168 488.814 401 862.064 489.324 
507 923.24 490.731 402 875.469 490.711 
509 977.659 495.545 406 930.005 495.527 
510 977.659 495.545 407 930.005 495.527 
512 815.8 500.203 408 769.581 500.094 
513 1017.84 501.907 409 970.926 502.154 
515 936.326 513.722 412 888.777 514.271 
517 974.106 541.092 415 927.015 540.999 
518 441.752 543.269 416 378.904 543.466 
521 809.329 553.907 417 761.076 553.751 
522 918.274 561.114 418 869.385 561.339 
523 467.935 565.046 547 407.278 564.925 
524 853.267 576.613 419 803.754 577.558 
527 894.139 580.019 420 844.282 580.093 
528 894.139 580.019 421 844.282 580.093 
529 894.139 580.019 422 844.282 580.093 
533 783.678 591.577 425 732.074 591.539 
535 914.751 596.82 427 861.897 596.698 
536 879.731 600.754 428 826.153 601.183 
537 951.739 602.216 231 897.384 602.394 
538 832.753 608.231 429 777.026 608.224 
540 984.524 609.953 432 928.969 610.016 
541 984.524 609.953 433 928.969 610.016 
546 763.898 651.911 575 697.376 652.409 
547 118.416 656.143 447 49.1657 655.98 
549 1139.86 655.419 446 1046.31 655.319 
551 681.422 31.3751 451 606.708 31.2418 
555 45.1867 59.2026 453 18.9873 59.272 
557 710.814 71.2929 590 634.675 71.7397 
559 95.2057 79.5463 455 69.5874 79.5836 
569 679.282 99.3605 456 601.111 99.9119 
570 679.282 99.3605 457 601.111 99.9119 
571 976.195 100.415 458 957.986 100.372 
572 976.195 100.415 459 957.986 100.372 
574 632.168 105.411 460 554.114 105.151 
575 977.842 109.607 461 959.618 109.612 
576 977.842 109.607 462 959.618 109.612 
580 414.141 118.84 463 396.205 119.024 
581 414.141 118.84 464 396.205 119.024 
587 992.528 130.546 289 974.22 130.507 
589 710.998 143.8 469 632.08 144.246 
592 644.566 159.252 472 565.397 159.739 
593 644.566 159.252 472 565.397 159.739 
594 741.923 161.442 475 663.859 161.749 
597 841.618 175.931 476 775.739 175.792 
603 48.3543 197.952 477 21.104 197.892 
604 48.3543 197.952 478 21.104 197.892 
605 48.3543 197.952 479 21.104 197.892 
607 311.297 202.462 480 293.534 202.371 
608 311.297 202.462 481 293.534 202.371 
609 980.006 201.87 482 961.394 202.459 
611 929.156 214.019 487 861.307 213.747 
613 901.228 215.802 488 833.138 216.037 
614 901.228 215.802 489 833.138 216.037 
615 241.533 226.544 490 223.591 226.564 
621 915.702 248.136 494 847.378 248.099 
624 570.992 293.627 499 493.369 294.954 
627 937.899 322.549 504 869.664 323.023 
631 304.248 337.065 506 286.273 336.848 
635 920.611 376.97 513 853.109 376.813 
637 586.384 382.918 514 506.087 382.959 
639 298.972 384.559 515 234.033 384.249 
642 933.732 397.033 517 866.637 397.157 
645 405.373 402.665 630 345.671 403.328 
647 98.0736 418.448 520 30.9367 418.55 
657 1008.58 477.235 531 960.947 477.045 
658 982.452 488.005 537 934.933 488.001 
659 986.323 499.55 538 938.97 499.567 
660 946.935 516.703 540 898.609 516.521 
661 944.277 525.401 543 896.651 525.263 
662 948.989 542.607 545 900.915 543.414 
663 948.989 542.607 546 900.915 543.414 
664 884.931 568.563 548 835.489 568.524 
666 475.233 575.552 552 414.228 575.622 
667 827.822 578.088 553 778.139 577.599 
668 865.268 581.257 554 815.701 581.315 
669 930.823 583.65 555 881.412 583.843 
670 950.438 589.666 559 899.679 589.631 
672 964.216 605.229 560 908.63 605.348 
676 905.625 613.867 563 847.112 614.487 
680 1161.92 637.907 567 1066.51 637.248 
685 486.146 648.026 574 418.284 647.945 
687 803.621 651.799 577 736.284 651.965 
689 1172.33 654.586 579 1078.13 654.554 
690 97.0958 656.092 581 27.4325 656.235 
692 644.528 35.7406 584 568.722 35.7098 
693 644.528 35.7406 585 568.722 35.7098 
694 652.311 45.3596 586 576.34 45.4136 
695 652.311 45.3596 587 576.34 45.4136 
699 88.8339 65.223 589 64.9091 67.4866 
702 701.366 80.5311 695 624.617 80.5702 
711 976.507 146.712 594 958.158 146.69 
713 83.9822 176.355 598 57.4119 176.229 
714 831.61 175.762 599 766.054 175.815 
715 310.572 184.198 603 292.584 184.222 
716 653.679 183.058 601 574.318 183.066 
718 108.165 185.645 602 82.6291 184.27 
721 860.462 192.232 604 793.459 192.254 
723 57.5146 195.434 605 30.386 195.495 
727 909 225.693 609 840.328 225.428 
728 923.591 231.785 611 855.255 231.842 
730 253.576 259.553 615 235.637 259.562 
731 244.712 268.05 616 226.925 268.053 
733 925.135 278.172 617 856.64 278.149 
736 365.751 336.149 623 347.501 336.09 
740 932.161 379.298 626 864.809 379.389 
743 245.732 385.365 627 180.247 385.937 
744 245.732 385.365 628 180.247 385.937 
750 187.444 429.279 633 118.502 427.032 
755 1041.85 490.63 644 995.898 490.839 
756 1041.85 490.63 645 995.898 490.839 
757 438.611 492.993 646 375.474 492.91 
758 438.611 492.993 647 375.474 492.91 
759 686.758 492.565 648 608.456 492.799 
760 686.758 492.565 649 608.456 492.799 
761 969.419 504.735 650 922.072 504.791 
764 830.44 527.121 652 783.544 527.308 
765 974.578 555.676 653 928.329 555.741 
766 977.651 565.882 654 931.593 566.202 
767 1001.86 567.669 655 956.528 567.607 
769 874.513 572.628 656 825.103 572.632 
771 793.109 574.712 657 745.218 574.066 
772 970.859 577.937 659 923.437 577.734 
773 970.859 577.937 660 923.437 577.734 
774 971.28 588.898 662 921.917 588.928 
779 876.088 610.425 671 820.085 610.372 
780 894.097 609.093 670 838.019 608.578 
784 840.111 629.906 676 778.653 629.98 
786 200.101 656.079 683 130.043 656.083 
789 841.448 662.795 685 771.579 662.889 
791 669.652 19.5717 745 595.431 19.7859 
792 669.652 19.5717 746 595.431 19.7859 
793 573.368 34.9951 583 498.136 34.1601 
794 608.456 36.9365 688 532.204 36.9948 
795 673.982 38.1594 689 598.661 38.0988 
796 587.332 40.2995 690 510.866 40.255 
797 623.623 44.2176 691 547.55 44.2063 
798 67.898 48.4201 747 42.4909 48.3293 
799 781.068 52.959 692 763.065 53.0188 
800 632.019 63.3665 693 555.051 63.4244 
802 55.3854 103.521 697 28.1322 103.12 
804 73.4777 128.694 755 46.1018 129.485 
806 73.4777 128.694 756 46.1018 129.485 
810 252.627 175.738 703 234.797 175.714 
811 815.852 190.603 707 750.346 190.584 
813 280.235 194.498 710 262.269 194.487 
814 873.611 206.578 712 805.923 206.769 
815 888.5 205.882 713 820.79 206.048 
817 916.011 213.273 714 847.86 213.033 
821 123.35 235.071 760 103.731 233.072 
822 367.502 248.962 717 349.349 248.927 
823 266.064 255.964 718 248.097 255.958 
824 960.868 257.833 719 893.628 258.005 
825 959.808 274.596 720 892.78 273.794 
826 571.215 282.385 722 492.42 282.561 
827 291.774 290.935 723 273.797 290.947 
838 576.83 373.147 625 497.596 373.206 
840 167.958 405.462 775 101.617 406.132 
841 87.9594 430.24 728 20.4245 430.738 
846 206.777 462.853 729 137.056 462.751 
847 445.283 497.785 732 383.069 498.312 
849 432.134 504.132 733 368.27 503.974 
850 426.042 535.353 735 362.239 535.17 
853 840.153 596.484 737 787.555 596.122 
854 823.384 598.023 738 770.702 597.66 
855 823.384 598.023 739 770.702 597.66 
856 805.376 601.569 666 753.178 600.229 
863 580.41 15.0802 744 505.994 15.4337 
864 102.072 102.123 749 76.4547 102.175 
868 642.139 119.942 752 563.977 120.95 
869 626.248 126.752 753 547.559 126.768 
870 626.248 126.752 754 547.559 126.768 
872 56.6599 150.701 757 28.5848 150.752 
873 94.8404 187.828 801 67.8931 189.685 
876 797.788 198.115 802 732.147 199.64 
882 299.444 265.734 763 281.594 265.693 
887 175.774 369.567 771 109.391 369.683 
891 396.406 385.619 810 335.806 386.688 
897 963.769 489.133 782 916.169 489.128 
900 880.852 509.28 786 833.101 509.198 
901 988.628 510.937 787 941.484 510.84 
903 925.637 525.494 789 879.422 526.011 
904 917.99 541.566 790 870.192 541.551 
905 959.843 561.539 791 913.101 561.573 
911 506.988 641.179 796 442.855 641.122 
912 506.988 641.179 797 442.855 641.122 
915 90.6212 59.9398 799 64.4114 59.0235 
919 100.872 102.604 826 897.108 635.455 
920 643.83 120.52 752 563.977 120.95 
935 295.606 405.268 811 230.221 405.124 
936 295.606 405.268 812 230.221 405.124 
937 148.59 413.384 813 80.6763 413.645 
938 148.59 413.384 814 80.6763 413.645 
940 289.104 428.825 815 223.47 428.771 
941 982.464 470.984 817 935.498 470.972 
942 1004.83 487.602 818 957.728 487.671 
946 916.753 504.937 819 869.177 504.989 
948 469.006 515.633 788 408.838 517.181 
950 470.537 555.407 823 409.099 555.636 
951 470.537 555.407 824 409.099 555.636 
960 667.163 158.835 828 588.165 159.807 
969 889.326 512.487 839 841.977 512.927 
972 861.512 533.959 840 813.295 534.22 
976 120.71 644.736 842 51.2727 645.067 
983 298.389 194.878 847 280.367 194.953 
987 183.345 310.051 850 163.518 334.527 
1010 223.972 262.922 856 205.953 262.82 
1011 323.853 385.12 702 979.742 144.475 
1013 828.997 449.551 860 773.354 460.41 
1025 165.621 261.472 871 145.355 278.046 
1026 387.712 488.169 868 323.231 490.075 
1027 770.204 537.325 869 696.305 536.82 
1033 333.068 452.498 878 270.09 450.965 
